"2026 08 28 00 00 00" 300.00 90.00
"2026 08 28 00 01 00" 300.00 90.00
"2026 08 28 00 02 00" 2500.00 360.00
"2026 08 28 00 03 00" 300.00 90.00
"2026 08 28 00 04 00" 2500.00 360.00
"2026 08 28 00 05 00" 300.00 90.00
"2026 08 28 00 06 00" 300.00 90.00
"2026 08 28 00 07 00" 2500.00 360.00
"2026 08 28 00 08 00" 300.00 90.00
"2026 08 28 00 09 00" 2500.00 360.00
"2026 08 28 00 10 00" 300.00 90.00
"2026 08 28 00 11 00" 300.00 90.00
"2026 08 28 00 12 00" 2500.00 360.00
"2026 08 28 00 13 00" 300.00 90.00
"2026 08 28 00 14 00" 2500.00 360.00
"2026 08 28 00 15 00" 300.00 90.00
"2026 08 28 00 16 00" 300.00 90.00
"2026 08 28 00 17 00" 2500.00 360.00
"2026 08 28 00 18 00" 300.00 90.00
"2026 08 28 00 19 00" 2500.00 360.00
"2026 08 28 00 20 00" 300.00 90.00
"2026 08 28 00 21 00" 300.00 90.00
"2026 08 28 00 22 00" 2500.00 360.00
"2026 08 28 00 23 00" 300.00 90.00
"2026 08 28 00 24 00" 2500.00 360.00
"2026 08 28 00 25 00" 300.00 90.00
"2026 08 28 00 26 00" 300.00 90.00
"2026 08 28 00 27 00" 2500.00 360.00
"2026 08 28 00 28 00" 300.00 90.00
"2026 08 28 00 29 00" 2500.00 360.00
"2026 08 28 00 30 00" 300.00 90.00
"2026 08 28 00 31 00" 300.00 90.00
"2026 08 28 00 32 00" 2500.00 360.00
"2026 08 28 00 33 00" 300.00 90.00
"2026 08 28 00 34 00" 2500.00 360.00
"2026 08 28 00 35 00" 300.00 90.00
"2026 08 28 00 36 00" 300.00 90.00
"2026 08 28 00 37 00" 2500.00 360.00
"2026 08 28 00 38 00" 300.00 90.00
"2026 08 28 00 39 00" 2500.00 360.00
"2026 08 28 00 40 00" 300.00 90.00
"2026 08 28 00 41 00" 300.00 90.00
"2026 08 28 00 42 00" 2500.00 360.00
"2026 08 28 00 43 00" 300.00 90.00
"2026 08 28 00 44 00" 2500.00 360.00
"2026 08 28 00 45 00" 300.00 90.00
"2026 08 28 00 46 00" 300.00 90.00
"2026 08 28 00 47 00" 2500.00 360.00
"2026 08 28 00 48 00" 300.00 90.00
"2026 08 28 00 49 00" 2500.00 360.00
"2026 08 28 00 50 00" 300.00 90.00
"2026 08 28 00 51 00" 300.00 90.00
"2026 08 28 00 52 00" 2500.00 360.00
"2026 08 28 00 53 00" 300.00 90.00
"2026 08 28 00 54 00" 2500.00 360.00
"2026 08 28 00 55 00" 300.00 90.00
"2026 08 28 00 56 00" 300.00 90.00
"2026 08 28 00 57 00" 2500.00 360.00
"2026 08 28 00 58 00" 300.00 90.00
"2026 08 28 00 59 00" 2500.00 360.00
"2026 08 28 00 00 00" 300.00 90.00
"2026 08 28 00 01 00" 300.00 90.00
"2026 08 28 00 02 00" 2500.00 360.00
"2026 08 28 00 03 00" 300.00 90.00
"2026 08 28 00 04 00" 2500.00 360.00
"2026 08 28 00 05 00" 300.00 90.00
"2026 08 28 00 06 00" 300.00 90.00
"2026 08 28 00 07 00" 2500.00 360.00
"2026 08 28 00 08 00" 300.00 90.00
"2026 08 28 00 09 00" 2500.00 360.00
"2026 08 28 00 10 00" 300.00 90.00
"2026 08 28 00 11 00" 300.00 90.00
"2026 08 28 00 12 00" 2500.00 360.00
"2026 08 28 00 13 00" 300.00 90.00
"2026 08 28 00 14 00" 2500.00 360.00
"2026 08 28 00 15 00" 300.00 90.00
"2026 08 28 00 16 00" 300.00 90.00
"2026 08 28 00 17 00" 2500.00 360.00
"2026 08 28 00 18 00" 300.00 90.00
"2026 08 28 00 19 00" 2500.00 360.00
"2026 08 28 00 20 00" 300.00 90.00
"2026 08 28 00 21 00" 300.00 90.00
"2026 08 28 00 22 00" 2500.00 360.00
"2026 08 28 00 23 00" 300.00 90.00
"2026 08 28 00 24 00" 2500.00 360.00
"2026 08 28 00 25 00" 300.00 90.00
"2026 08 28 00 26 00" 300.00 90.00
"2026 08 28 00 27 00" 2500.00 360.00
"2026 08 28 00 28 00" 300.00 90.00
"2026 08 28 00 29 00" 2500.00 360.00
"2026 08 28 00 30 00" 300.00 90.00
"2026 08 28 00 31 00" 300.00 90.00
"2026 08 28 00 32 00" 2500.00 360.00
"2026 08 28 00 33 00" 300.00 90.00
"2026 08 28 00 34 00" 2500.00 360.00
"2026 08 28 00 35 00" 300.00 90.00
"2026 08 28 00 36 00" 300.00 90.00
"2026 08 28 00 37 00" 2500.00 360.00
"2026 08 28 00 38 00" 300.00 90.00
"2026 08 28 00 39 00" 2500.00 360.00
"2026 08 28 00 40 00" 300.00 90.00
"2026 08 28 00 41 00" 300.00 90.00
"2026 08 28 00 42 00" 2500.00 360.00
"2026 08 28 00 43 00" 300.00 90.00
"2026 08 28 00 44 00" 2500.00 360.00
"2026 08 28 00 45 00" 300.00 90.00
"2026 08 28 00 46 00" 300.00 90.00
"2026 08 28 00 47 00" 2500.00 360.00
"2026 08 28 00 48 00" 300.00 90.00
"2026 08 28 00 49 00" 2500.00 360.00
"2026 08 28 00 50 00" 300.00 90.00
"2026 08 28 00 51 00" 300.00 90.00
"2026 08 28 00 52 00" 2500.00 360.00
"2026 08 28 00 53 00" 300.00 90.00
"2026 08 28 00 54 00" 2500.00 360.00
"2026 08 28 00 55 00" 300.00 90.00
"2026 08 28 00 56 00" 300.00 90.00
"2026 08 28 00 57 00" 2500.00 360.00
"2026 08 28 00 58 00" 300.00 90.00
"2026 08 28 00 59 00" 2500.00 360.00
"2026 08 28 00 00 00" 300.00 90.00
"2026 08 28 00 01 00" 300.00 90.00
"2026 08 28 00 02 00" 2500.00 360.00
"2026 08 28 00 03 00" 300.00 90.00
"2026 08 28 00 04 00" 2500.00 360.00
"2026 08 28 00 05 00" 300.00 90.00
"2026 08 28 00 06 00" 300.00 90.00
"2026 08 28 00 07 00" 2500.00 360.00
"2026 08 28 00 08 00" 300.00 90.00
"2026 08 28 00 09 00" 2500.00 360.00
"2026 08 28 00 10 00" 300.00 90.00
"2026 08 28 00 11 00" 300.00 90.00
"2026 08 28 00 12 00" 2500.00 360.00
"2026 08 28 00 13 00" 300.00 90.00
"2026 08 28 00 14 00" 2500.00 360.00
"2026 08 28 00 15 00" 300.00 90.00
"2026 08 28 00 16 00" 300.00 90.00
"2026 08 28 00 17 00" 2500.00 360.00
"2026 08 28 00 18 00" 300.00 90.00
"2026 08 28 00 19 00" 2500.00 360.00
"2026 08 28 00 20 00" 300.00 90.00
"2026 08 28 00 21 00" 300.00 90.00
"2026 08 28 00 22 00" 2500.00 360.00
"2026 08 28 00 23 00" 300.00 90.00
"2026 08 28 00 24 00" 2500.00 360.00
"2026 08 28 00 25 00" 300.00 90.00
"2026 08 28 00 26 00" 300.00 90.00
"2026 08 28 00 27 00" 2500.00 360.00
"2026 08 28 00 28 00" 300.00 90.00
"2026 08 28 00 29 00" 2500.00 360.00
"2026 08 28 00 30 00" 300.00 90.00
"2026 08 28 00 31 00" 300.00 90.00
"2026 08 28 00 32 00" 2500.00 360.00
"2026 08 28 00 33 00" 300.00 90.00
"2026 08 28 00 34 00" 2500.00 360.00
"2026 08 28 00 35 00" 300.00 90.00
"2026 08 28 00 36 00" 300.00 90.00
"2026 08 28 00 37 00" 2500.00 360.00
"2026 08 28 00 38 00" 300.00 90.00
"2026 08 28 00 39 00" 2500.00 360.00
"2026 08 28 00 40 00" 300.00 90.00
"2026 08 28 00 41 00" 300.00 90.00
"2026 08 28 00 42 00" 2500.00 360.00
"2026 08 28 00 43 00" 300.00 90.00
"2026 08 28 00 44 00" 2500.00 360.00
"2026 08 28 00 45 00" 300.00 90.00
"2026 08 28 00 46 00" 300.00 90.00
"2026 08 28 00 47 00" 2500.00 360.00
"2026 08 28 00 48 00" 300.00 90.00
"2026 08 28 00 49 00" 2500.00 360.00
"2026 08 28 00 50 00" 300.00 90.00
"2026 08 28 00 51 00" 300.00 90.00
"2026 08 28 00 52 00" 2500.00 360.00
"2026 08 28 00 53 00" 300.00 90.00
"2026 08 28 00 54 00" 2500.00 360.00
"2026 08 28 00 55 00" 300.00 90.00
"2026 08 28 00 56 00" 300.00 90.00
"2026 08 28 00 57 00" 2500.00 360.00
"2026 08 28 00 58 00" 300.00 90.00
"2026 08 28 00 59 00" 2500.00 360.00
"2026 08 28 00 00 00" 300.00 90.00
"2026 08 28 00 01 00" 300.00 90.00
"2026 08 28 00 02 00" 2500.00 360.00
"2026 08 28 00 03 00" 300.00 90.00
"2026 08 28 00 04 00" 2500.00 360.00
"2026 08 28 00 05 00" 300.00 90.00
"2026 08 28 00 06 00" 300.00 90.00
"2026 08 28 00 07 00" 2500.00 360.00
"2026 08 28 00 08 00" 300.00 90.00
"2026 08 28 00 09 00" 2500.00 360.00
"2026 08 28 00 10 00" 300.00 90.00
"2026 08 28 00 11 00" 300.00 90.00
"2026 08 28 00 12 00" 2500.00 360.00
"2026 08 28 00 13 00" 300.00 90.00
"2026 08 28 00 14 00" 2500.00 360.00
"2026 08 28 00 15 00" 300.00 90.00
"2026 08 28 00 16 00" 300.00 90.00
"2026 08 28 00 17 00" 2500.00 360.00
"2026 08 28 00 18 00" 300.00 90.00
"2026 08 28 00 19 00" 2500.00 360.00
